0 01110100011001110101110011000101110
1 00100011000010000100001000010011111
2 01110100010000100110010001000111111
3 01110100010000100110000011000101110
4 00011001010100110001111110000100001
5 11111100001111000001000011000101110
6 00110010001000011110100011000101110
7 11111100010000100010001000010000100
8 01110100011000101110100011000101110
9 01110100011000101111000010001001100
B 11110100011111010001100011000111110
S 01111100000111000001000011000101110
s 00000000000111110000011100000111110
c 00000000000111010001100001000101110
o 00000000000111010001100011000101110
t 00100001000111000100001000010000010
r 00000000001011011001100001000010000
e 00000000000111010001111111000001111
: 00000001000010000000000000010000100
  00000000000000000000000000000000000